0    0    65948794.5759    -95.2361389298    [56059829.537352748, -16662202.942633254]    [0.0, 0.0]
08    0    104.542362812    -49.676900342    [21.232369307114652, 167.86402113958849]    [3246.6468, 11704.251099999999]
08    0    104.70487229    -48.3250791557    [20.753399670789634, 166.83758544584614]    [3246.6466, 11704.251200000001]
08    0    105.039563497    -47.5543429687    [20.274430043177006, 166.32436759780805]    [3246.6464999999998, 11704.2513]
09    0    105.039563497    -47.5543429687    [20.274430043177006, 166.32436759780805]    [3246.6464999999998, 11704.2513]
09    0    104.211188793    -48.4698872248    [21.232369307114652, 166.83758544584614]    [3246.6466, 11704.251099999999]
09    0    102.897546384    -49.5177526659    [22.66927819866487, 167.35080329155039]    [3246.6466999999998, 11704.2508]
09    0    100.760605238    -49.5018990849    [24.585156717827772, 166.83758544584614]    [3246.6466, 11704.250400000001]
09    0    98.6236664087    -49.4853455791    [26.501035245703065, 166.32436759780805]    [3246.6464999999998, 11704.25]
08    0    97.1477357374    -49.9474926411    [27.937944137253282, 166.32436759780805]    [3246.6464999999998, 11704.2497]
08    0    97.3198143064    -50.5666335797    [27.937944137253282, 166.83758544584614]    [3246.6466, 11704.2497]
09    0    97.6395037168    -49.7927417232    [27.458974509640711, 166.32436759780805]    [3246.6464999999998, 11704.2498]
08    0    96.989548902    -47.1460499746    [27.458974509640711, 164.27149621032336]    [3246.6460999999999, 11704.2498]
08    0    95.9891296608    -41.7907614806    [27.458974509640711, 160.67897128105824]    [3246.6453999999999, 11704.2498]
08    0    94.7328714427    -40.3820178007    [28.416913773578358, 159.6525355873159]    [3246.6451999999999, 11704.249599999999]
08    0    93.1047971027    -39.9574109325    [29.853822665128575, 159.13931774161165]    [3246.6451000000002, 11704.249299999999]
08    0    90.5975893243    -40.7632071437    [32.248670820616496, 159.13931774161165]    [3246.6451000000002, 11704.248799999999]
08    0    87.8426843179    -39.7076099736    [34.64351897610436, 158.11288204553546]    [3246.6448999999998, 11704.248299999999]
08    0    80.8388922306    -37.8093692374    [40.870124178630419, 156.06001065805077]    [3246.6444999999999, 11704.246999999999]
08    0    74.1864635033    -39.1151073248    [47.096729381156479, 155.54679281234652]    [3246.6444000000001, 11704.245699999999]
08    0    69.5406513187    -23.1510454923    [50.449516791869598, 149.38817864755862]    [3246.6432, 11704.245000000001]
08    0    65.6737189357    -12.7043966299    [53.802304211295109, 146.30887156633159]    [3246.6426000000001, 11704.2443]
08    0    59.9499565059    -4.69656163418    [59.070970149883522, 144.25600017651306]    [3246.6421999999998, 11704.243200000001]
08    0    55.330420596    2.55599099592    [63.381696833246707, 142.71634663706647]    [3246.6419000000001, 11704.2423]
08    0    49.7067270773    -5.66121234064    [68.650362771835091, 144.25600017651306]    [3246.6421999999998, 11704.2412]
08    0    47.6466365761    -2.95738798529    [70.566241299710384, 143.74278233080881]    [3246.6421, 11704.2408]
08    0    43.0706231916    -9.74686592944    [74.87696797436115, 144.76921802455115]    [3246.6423, 11704.2399]
08    0    38.9527679165    -7.21298526604    [78.708725021399289, 144.25600017651306]    [3246.6421999999998, 11704.239100000001]
08    0    33.816441004    -4.16661075019    [83.498421332375074, 143.74278233080881]    [3246.6421, 11704.2381]
08    0    26.6389725805    0.00242860458007    [90.203996171226152, 143.22956448277071]    [3246.6419999999998, 11704.236699999999]
08    0    25.131391275    11.1132632585    [91.640905062776426, 142.20312878902837]    [3246.6417999999999, 11704.2364]
08    0    22.0562317473    42.5062960331    [94.993692482201936, 139.12382170780134]    [3246.6412, 11704.235699999999]
08    0    20.8792517802    50.9746495356    [96.430601373752211, 138.097386014059]    [3246.6410000000001, 11704.2354]
08    0    19.6116501233    55.7781089384    [97.867510265302457, 137.5841681660209]    [3246.6408999999999, 11704.2351]
08    0    19.1973014587    65.4291345191    [99.304419156852703, 135.53129677853622]    [3246.6405, 11704.2348]
08    0    17.2508948157    71.7329324399    [102.17823693995325, 134.50486108479387]    [3246.6403, 11704.234200000001]
08    0    16.556399813    77.1227741173    [104.57308509544112, 132.96520754301343]    [3246.6399999999999, 11704.233700000001]
08    0    15.4277635924    80.4498184954    [106.96793325092904, 132.45198969730919]    [3246.6399000000001, 11704.233200000001]
08    0    13.95634983    85.6781112334    [111.27865993429219, 131.93877184927109]    [3246.6397999999999, 11704.2323]
08    0    11.0230666838    88.0161611475    [113.67350808978009, 133.99164323675578]    [3246.6401999999998, 11704.2318]
08    0    6.26373012275    97.8883018509    [117.98423476443085, 138.61060385976324]    [3246.6410999999998, 11704.2309]
08    0    7.08773147993    124.036795588    [121.33702218385639, 141.17669309528603]    [3246.6415999999999, 11704.2302]
08    0    7.78661688432    120.19601052    [121.81599181146902, 140.66347524958178]    [3246.6415000000002, 11704.230100000001]
08    0    7.19762220984    161.032227144    [121.81599181146902, 142.71634663706647]    [3246.6419000000001, 11704.230100000001]
07    0    7.39916477677    -134.124147405    [121.81599181146902, 144.76921802455115]    [3246.6423, 11704.230100000001]
08    0    8.39606897287    -137.944303528    [122.77393107540667, 144.76921802455115]    [3246.6423, 11704.2299]
08    0    7.89673147037    -136.100287423    [122.29496144779404, 144.76921802455115]    [3246.6423, 11704.23]
08    0    6.85452916805    -116.509787101    [120.85805255624376, 145.79565371829349]    [3246.6424999999999, 11704.230299999999]
08    1    4.95781943791    -98.4439045967    [117.50526513681825, 146.82208941203584]    [3246.6426999999999, 11704.231]
08    1    141.455166552    -6.94492110093    [124.52103036367498, 170.0]    [3246.6426999999999, 11704.231100000001]
08    1    142.498638867    -7.87053217358    [123.56309110844973, 170.5132178480381]    [3246.6428000000001, 11704.231299999999]
08    1    142.520571115    -8.84123961121    [123.56309110844973, 171.02643569374234]    [3246.6428999999998, 11704.231299999999]
08    1    141.423969879    -4.96891833838    [124.52103036367498, 168.97356430625766]    [3246.6424999999999, 11704.231100000001]
08    1    141.403169152    -2.98099903079    [124.52103036367498, 167.94712861251531]    [3246.6423, 11704.231100000001]
08    1    141.908937933    -1.97678763926    [124.04206073606235, 167.43391076447722]    [3246.6421999999998, 11704.2312]
08    1    141.396668791    -1.98403766445    [124.52103036367498, 167.43391076447722]    [3246.6421999999998, 11704.231100000001]
08    1    141.396668791    -1.98403766445    [124.52103036367498, 167.43391076447722]    [3246.6421999999998, 11704.231100000001]
08    1    141.908937933    -1.97678763926    [124.04206073606235, 167.43391076447722]    [3246.6421999999998, 11704.2312]
08    1    138.31907027    -1.00834340212    [127.39484815548786, 166.92069291877297]    [3246.6421, 11704.2305]
08    1    136.268590522    0.0124232466054    [129.31072667465077, 166.40747507073488]    [3246.6419999999998, 11704.230100000001]
08    1    132.683959507    -1.05220833415    [132.66351409407628, 166.92069291877297]    [3246.6421, 11704.2294]
08    1    131.147111957    -1.06481784704    [134.10042298562655, 166.92069291877297]    [3246.6421, 11704.2291]
08    1    128.585702637    1.10993260576    [136.49527114111444, 165.89425722503063]    [3246.6419000000001, 11704.2286]
08    1    123.973680096    0.0113023521751    [140.8059978244776, 166.40747507073488]    [3246.6419999999998, 11704.227699999999]
08    1    122.436816292    0.0111622403745    [142.24290671602787, 166.40747507073488]    [3246.6419999999998, 11704.2274]
08    1    121.924528364    0.0111155364475    [142.72187634364047, 166.40747507073488]    [3246.6419999999998, 11704.2273]
08    1    115.778660176    -1.20911293121    [148.46951191855391, 166.92069291877297]    [3246.6421, 11704.2261]
08    1    112.191057606    0.0102281616857    [151.82229933797944, 166.40747507073488]    [3246.6419999999998, 11704.225399999999]
08    1    108.108065204    3.92341034532    [155.65405638501758, 164.86782153128829]    [3246.6417000000001, 11704.2246]
08    1    106.059209179    3.998605972    [157.56993490418046, 164.86782153128829]    [3246.6417000000001, 11704.224200000001]
08    1    102.473739584    4.13741735263    [160.922722323606, 164.86782153128829]    [3246.6417000000001, 11704.2235]
08    1    101.449326789    4.17887535455    [161.88066158754364, 164.86782153128829]    [3246.6417000000001, 11704.2233]
08    1    100.424917321    4.2211768156    [162.83860085148129, 164.86782153128829]    [3246.6417000000001, 11704.223099999999]
08    1    97.3649307961    5.79295939606    [165.71241863458178, 164.35460368325019]    [3246.6415999999999, 11704.2225]
08    1    96.8528026864    5.82330718299    [166.19138826219441, 164.35460368325019]    [3246.6415999999999, 11704.222400000001]
08    1    96.8698878673    7.26294173175    [166.19138826219441, 163.84138583754594]    [3246.6415000000002, 11704.222400000001]
08    1    93.8192766925    8.97332422662    [169.06520605400732, 163.32816798950785]    [3246.6414, 11704.221799999999]
08    1    91.7977438636    10.6644730162    [170.98108457317019, 162.81495014146975]    [3246.6412999999998, 11704.2214]
08    1    88.3656648693    17.1115115407    [174.33387199259573, 160.76207875398507]    [3246.6408999999999, 11704.2207]
09    1    86.9348445421    20.3176968104    [175.77078088414598, 159.73564306024272]    [3246.6406999999999, 11704.2204]
09    1    86.0343048445    23.3796779277    [176.72872014808362, 158.70920736650038]    [3246.6405, 11704.2202]
08    1    84.1368968489    26.6547430048    [178.6445986672465, 157.68277167275804]    [3246.6403, 11704.219800000001]
09    1    81.2503024637    30.2176334337    [181.51841645905941, 156.65633597901569]    [3246.6401000000001, 11704.2192]
09    1    78.7155852631    31.0301249324    [183.9132646145473, 156.65633597901569]    [3246.6401000000001, 11704.218699999999]
09    1    77.107422699    30.1733351534    [185.35017350609758, 157.16955382471994]    [3246.6401999999998, 11704.2184]
09    1    74.3281604498    26.6258823474    [187.74502166158547, 158.70920736650038]    [3246.6405, 11704.2179]
09    1    71.643080029    24.2335087021    [190.13986981707336, 159.73564306024272]    [3246.6406999999999, 11704.2174]
09    1    69.4798268397    21.4135225266    [192.05574833623623, 160.76207875398507]    [3246.6408999999999, 11704.217000000001]
09    1    64.7303333699    16.9932787498    [196.36647501959939, 162.3017322957655]    [3246.6412, 11704.2161]
09    1    60.5259724167    11.528942506    [200.19823206663756, 163.84138583754594]    [3246.6415000000002, 11704.2153]
09    1    58.4039733456    2.42217446969    [202.11411058580043, 165.89425722503063]    [3246.6419000000001, 11704.214900000001]
09    1    56.3647216322    -4.99463674708    [204.0299891136757, 167.43391076447722]    [3246.6421999999998, 11704.2145]
08    1    53.8756185629    -12.9004690173    [206.42483726916359, 168.97356430625766]    [3246.6424999999999, 11704.214]
09    1    52.0281228147    -23.2036482645    [208.34071579703888, 171.02643569374234]    [3246.6428999999998, 11704.213599999999]
09    1    51.5864542195    -25.6913010439    [208.81968542465148, 171.53965354178044]    [3246.643, 11704.2135]
09    1    44.4721420585    -29.2235497842    [215.52526025479014, 171.53965354178044]    [3246.643, 11704.212100000001]
08    1    38.2184559556    -27.4796112963    [221.27289582970357, 170.5132178480381]    [3246.6428000000001, 11704.2109]
09    1    31.8139088125    -13.1033975897    [227.020531404617, 167.94712861251531]    [3246.6423, 11704.209699999999]
09    1    29.7127001958    0.00270882825293    [228.93640992377988, 166.40747507073488]    [3246.6419999999998, 11704.2093]
09    1    27.1580318948    5.18984872139    [231.33125807926777, 165.89425722503063]    [3246.6419000000001, 11704.2088]
09    1    24.3508953781    31.5618951268    [234.20507587108071, 163.32816798950785]    [3246.6414, 11704.208199999999]
09    1    22.4336497657    38.0723824044    [236.12095439024355, 162.81495014146975]    [3246.6412999999998, 11704.2078]
09    1    20.2175267344    48.733649866    [238.51580254573147, 161.78851444772741]    [3246.6410999999998, 11704.2073]
09    1    16.6053867417    51.1546161548    [241.86858996515699, 162.3017322957655]    [3246.6412, 11704.2066]
09    1    16.3089419249    55.2875023314    [242.34755959276961, 161.78851444772741]    [3246.6410999999998, 11704.2065]
09    1    16.116143833    52.0689888956    [242.34755959276961, 162.3017322957655]    [3246.6412, 11704.2065]
09    1    14.4684831416    51.2837574865    [243.78446848431986, 162.81495014146975]    [3246.6412999999998, 11704.206200000001]
09    1    12.5319028573    38.7280887302    [245.22137737587013, 164.35460368325019]    [3246.6415999999999, 11704.205900000001]
09    1    9.75234276792    14.2118330911    [247.61622553135803, 165.89425722503063]    [3246.6419000000001, 11704.205400000001]
09    1    8.21900839242    -16.7367277247    [249.05313443162069, 166.92069291877297]    [3246.6421, 11704.205099999999]
09    1    7.27385502251    -34.5031893878    [250.01107368684592, 167.43391076447722]    [3246.6421999999998, 11704.204900000001]
09    1    6.9037517889    -47.9936067085    [250.49004332317094, 167.94712861251531]    [3246.6423, 11704.2048]
09    1    8.50218807367    -62.5445683733    [249.53210405923329, 169.48678215429575]    [3246.6426000000001, 11704.205]
09    1    8.73943517674    -56.3736150396    [249.05313443162069, 168.97356430625766]    [3246.6424999999999, 11704.205099999999]
09    1    8.73943517674    -56.3736150396    [249.05313443162069, 168.97356430625766]    [3246.6424999999999, 11704.205099999999]
09    1    8.96787644134    -61.0039968423    [249.05313443162069, 169.48678215429575]    [3246.6426000000001, 11704.205099999999]
09    1    8.96787644134    -61.0039968423    [249.05313443162069, 169.48678215429575]    [3246.6426000000001, 11704.205099999999]
09    1    7.57111495143    -53.9674180334    [250.01107368684592, 168.46034646055341]    [3246.6424000000002, 11704.204900000001]
08    1    6.17729226037    -21.8487408909    [250.96901295078356, 166.92069291877297]    [3246.6421, 11704.2047]
09    1    5.66770185855    -23.6251006255    [251.44798258710858, 166.92069291877297]    [3246.6421, 11704.204599999999]
09    2    3.78555766401    53.9677573832    [253.36386110627146, 165.38103937699253]    [3246.6417999999999, 11704.2042]
08    2    90.8595863763    -85.9501170755    [249.9421740283685, 146.30887156633159]    [3246.6417000000001, 11704.2039]
09    2    89.8617231185    -86.170805867    [251.37908291991874, 145.79565371829349]    [3246.6415999999999, 11704.203600000001]
09    2    86.8686554926    -86.4879772241    [253.77393107540664, 143.74278233080881]    [3246.6412, 11704.203100000001]
09    2    86.1570843539    -86.5486595524    [254.25290071173168, 143.22956448277071]    [3246.6410999999998, 11704.203]
09    2    83.6792394494    -86.5345282004    [254.73187033934428, 141.17669309528603]    [3246.6406999999999, 11704.2029]
09    2    81.2014743316    -86.5195276814    [255.2108399756693, 139.12382170780134]    [3246.6403, 11704.202799999999]
09    2    78.2612146384    -86.3806714904    [255.2108399756693, 136.55773247227856]    [3246.6397999999999, 11704.202799999999]
09    2    72.2673612723    -86.1700860521    [255.68980960328193, 131.42555400356684]    [3246.6388000000002, 11704.2027]
09    2    70.9628521592    -86.2075333451    [256.16877923089453, 130.3991183098245]    [3246.6386000000002, 11704.202600000001]
09    2    70.1159361975    -86.3857611489    [257.12671849483218, 129.88590046178641]    [3246.6385, 11704.2024]
09    2    66.012540716    -86.1455151725    [257.12671849483218, 126.29337553252128]    [3246.6378, 11704.2024]
09    2    63.0930066478    -85.9534156311    [257.12671849483218, 123.7272862969985]    [3246.6372999999999, 11704.2024]
09    2    59.8961110074    -85.9908774074    [258.08465775876982, 121.16119706380955]    [3246.6368000000002, 11704.2022]
09    2    55.5331742505    -85.9426328933    [259.04259702270747, 117.56867213454443]    [3246.6361000000002, 11704.201999999999]
09    2    53.060795579    -85.8912862715    [259.5215666503201, 115.51580074472591]    [3246.6356999999998, 11704.2019]
09    2    48.2678833583    -85.6164250684    [260.00053627793272, 111.41005796975654]    [3246.6349, 11704.201800000001]
09    2    46.9577891452    -85.6585753577    [260.47950591425774, 110.38362227601418]    [3246.6347000000001, 11704.2017]
09    2    43.6113556796    -85.8605941524    [261.91641480580802, 107.81753304049141]    [3246.6342, 11704.2014]
09    2    40.9963421831    -85.9716683636    [262.87435406974566, 105.76466165300671]    [3246.6338000000001, 11704.2012]
09    2    36.3605569272    -86.305342814    [264.79023258890845, 102.17213672374159]    [3246.6331, 11704.200800000001]
09    2    34.0197731067    -86.0325082483    [264.79023258890845, 100.1192653362569]    [3246.6327000000001, 11704.200800000001]
09    2    28.2152622426    -86.2962463401    [266.70611111678375, 95.500304713249434]    [3246.6318000000001, 11704.2004]
08    2    24.569836343    -86.0325093674    [267.18508074439637, 92.420997629688571]    [3246.6311999999998, 11704.2003]
09    2    21.3742033517    -86.1488443327    [268.14302000833402, 89.854908396499624]    [3246.6307000000002, 11704.2001]
09    2    19.240301792    -86.926428316    [269.57992889988429, 88.315254854719186]    [3246.6304, 11704.1998]
09    2    18.199551179    -89.6026222464    [272.93271631930986, 87.80203700668109]    [3246.6302999999998, 11704.1991]
09    2    18.798751005    -90.0    [273.41168594692238, 88.315254854719186]    [3246.6304, 11704.199000000001]
09    2    18.257140654    -91.1919804346    [274.84859483847265, 87.80203700668109]    [3246.6302999999998, 11704.198700000001]
09    2    14.401084136    -93.6234527986    [276.76447336634794, 84.209512079749814]    [3246.6296000000002, 11704.1983]
09    2    13.229912013    -93.9674892938    [276.76447336634794, 83.183076383673622]    [3246.6293999999998, 11704.1983]
09    2    12.3957606944    -92.9776977914    [275.8065341024103, 82.669858537969375]    [3246.6293000000001, 11704.1985]
09    2    12.8984511928    -92.2695789233    [275.32756447479767, 83.183076383673622]    [3246.6293999999998, 11704.1986]
09    2    10.9633845628    -91.3243778798    [274.36962521086002, 81.643422844227032]    [3246.6291000000001, 11704.1988]
09    2    12.1282264368    -90.0    [273.41168594692238, 82.669858537969375]    [3246.6293000000001, 11704.199000000001]
09    2    11.5331983302    -89.3725764598    [272.93271631930986, 82.15664068993128]    [3246.6291999999999, 11704.1991]
09    2    10.3597821768    -88.597747789    [272.45374669169723, 81.130204996188937]    [3246.6289999999999, 11704.199199999999]
09    2    7.89997487663    -89.0830379993    [272.93271631930986, 79.077333608704251]    [3246.6286, 11704.1991]
09    2    5.45770189435    -90.0    [273.41168594692238, 77.024462221219565]    [3246.6282000000001, 11704.199000000001]
09    3    4.51452796828    -95.0957472993    [274.84859483847265, 75.998026527477222]    [3246.6280000000002, 11704.198700000001]
09    3    161.462405031    -160.621593156    [290.88489147865886, 60.35460368325019]    [3246.6278000000002, 11704.1988]
08    3    162.942813283    -161.569890862    [292.32180037020913, 59.841385835212094]    [3246.6277, 11704.1985]
09    3    163.915748302    -162.459139971    [293.27973963414678, 59.328167987173998]    [3246.6275999999998, 11704.1983]
09    3    163.046591528    -160.020885938    [292.32180037020913, 60.867821528954437]    [3246.6279, 11704.1985]
08    3    163.159319361    -158.501736895    [292.32180037020913, 61.89425722269678]    [3246.6280999999999, 11704.1985]
09    3    162.709336437    -157.690161704    [291.8428307425965, 62.407475070734876]    [3246.6282000000001, 11704.1986]
09    3    163.345150658    -156.281597452    [292.32180037020913, 63.433910764477218]    [3246.6284000000001, 11704.1985]
09    3    161.243071289    -156.750623756    [290.40592185104623, 62.920692916439123]    [3246.6282999999999, 11704.198899999999]
09    3    160.733639244    -156.683975526    [289.92695221472121, 62.920692916439123]    [3246.6282999999999, 11704.199000000001]
09    3    160.161098516    -157.367003723    [289.44798258710864, 62.407475070734876]    [3246.6282000000001, 11704.1991]
09    3    157.677435811    -156.276408843    [287.05313443162072, 62.920692916439123]    [3246.6282999999999, 11704.1996]
09    3    156.022372419    -157.603554984    [285.61622554007045, 61.89425722269678]    [3246.6280999999999, 11704.1999]
09    3    155.198671282    -155.168438742    [284.6582862761328, 63.433910764477218]    [3246.6284000000001, 11704.2001]
09    3    152.653997569    -154.800287163    [282.26343812064493, 63.433910764477218]    [3246.6284000000001, 11704.2006]
09    3    150.040061103    -155.196539407    [279.86858996515701, 62.920692916439123]    [3246.6282999999999, 11704.2011]
09    3    146.342006092    -156.264927328    [276.5158025457315, 61.89425722269678]    [3246.6280999999999, 11704.201800000001]
08    3    141.911088892    -160.812486685    [272.68404549869331, 58.814950141469751]    [3246.6275000000001, 11704.202600000001]
09    3    138.960034748    -158.628047537    [269.81022771559287, 59.841385835212094]    [3246.6277, 11704.2032]
09    3    135.276889963    -159.937029745    [266.45744029616731, 58.814950141469751]    [3246.6275000000001, 11704.2039]
09    3    131.140925813    -160.310675705    [262.62568324912917, 58.301732293431655]    [3246.6273999999999, 11704.2047]
09    3    130.578537165    -161.204856042    [262.14671362151654, 57.788514447727408]    [3246.6273000000001, 11704.2048]
09    3    127.928539715    -162.850933967    [259.75186546602868, 56.762078753985065]    [3246.6271000000002, 11704.2053]
09    3    120.1346661    -165.062735075    [252.56732099956497, 55.222425212204627]    [3246.6268, 11704.2068]
09    3    114.044694291    -163.150415086    [246.81968542465154, 55.735643060242722]    [3246.6269000000002, 11704.208000000001]
09    3    111.445981762    -163.949245999    [244.42483726916365, 55.222425212204627]    [3246.6268, 11704.208500000001]
09    3    109.447420452    -162.480430512    [242.50895875000077, 55.735643060242722]    [3246.6269000000002, 11704.2089]
09    3    107.507218253    -159.811159932    [240.59308022212548, 56.762078753985065]    [3246.6271000000002, 11704.2093]
09    3    106.997029418    -159.721903847    [240.11411059451288, 56.762078753985065]    [3246.6271000000002, 11704.2094]
09    3    99.7995480068    -159.62533105    [233.4085357556618, 56.24886090594697]    [3246.627, 11704.210800000001]
09    3    94.6428057074    -159.923735958    [228.61883945339841, 55.735643060242722]    [3246.6269000000002, 11704.211799999999]
09    3    93.520224366    -162.427459747    [227.66090018946079, 54.709207364166531]    [3246.6266999999998, 11704.212]
09    3    86.3227446046    -162.541512592    [220.95532535060971, 54.195989518462284]    [3246.6266000000001, 11704.213400000001]
09    3    81.1255268163    -164.698531873    [216.16562903963393, 53.169553824719941]    [3246.6264000000001, 11704.214400000001]
09    3    76.6220410587    -160.473473345    [211.85490236498316, 54.195989518462284]    [3246.6266000000001, 11704.2153]
09    3    73.5604611265    -159.719233107    [208.98108458188264, 54.195989518462284]    [3246.6266000000001, 11704.215899999999]
09    3    68.8634016875    -162.11814095    [204.67035789851946, 53.169553824719941]    [3246.6264000000001, 11704.2168]
09    3    62.546370724    -171.051974769    [198.92272232360605, 50.603464589197159]    [3246.6259, 11704.218000000001]
09    3    59.9501408201    -175.309488701    [196.52787416811813, 49.577028895454816]    [3246.6257000000001, 11704.218500000001]
09    3    53.2919105978    -174.725019285    [190.3012689655921, 49.577028895454816]    [3246.6257000000001, 11704.219800000001]
09    3    50.2190202851    174.394414281    [187.42745118249158, 47.524157507970131]    [3246.6253000000002, 11704.2204]
09    3    45.6300477988    170.795104227    [183.11672450784081, 47.010939659932035]    [3246.6251999999999, 11704.221299999999]
09    3    40.5117406045    169.654682996    [178.32702819686503, 47.010939659932035]    [3246.6251999999999, 11704.222299999999]
09    3    36.9047796263    172.393607577    [174.97424077743949, 47.524157507970131]    [3246.6253000000002, 11704.223]
09    3    32.9264320498    159.420143053    [171.14248373040135, 45.984503966189692]    [3246.625, 11704.2238]
09    3    25.4585707246    145.5293977    [163.95793926393767, 44.958068272447349]    [3246.6248000000001, 11704.2253]
09    3    22.9369561027    142.600950016    [161.56309110844978, 44.958068272447349]    [3246.6248000000001, 11704.2258]
09    3    17.7646927289    127.344163204    [156.29442516986137, 43.931632578705006]    [3246.6246000000001, 11704.2269]
09    3    16.7926148255    125.631935824    [155.33648590592372, 43.931632578705006]    [3246.6246000000001, 11704.2271]
09    3    13.538595741    143.523978104    [152.94163775043583, 46.497721814227788]    [3246.6251000000002, 11704.2276]
09    3    11.7826587303    179.998925872    [151.50472885888558, 48.550593201712474]    [3246.6255000000001, 11704.2279]
09    3    8.96789941394    -119.027434986    [148.15194143946005, 51.629900282939502]    [3246.6261, 11704.2286]
09    3    7.84485881822    -104.270256546    [145.75709328397215, 53.169553824719941]    [3246.6264000000001, 11704.2291]
08    3    8.11254451898    -96.9213430243    [143.84121476480928, 54.709207364166531]    [3246.6266999999998, 11704.229499999999]
09    3    8.4897584577    -90.0    [140.48842734538374, 55.735643060242722]    [3246.6269000000002, 11704.2302]
09    3    6.84528023692    -86.7517010426    [139.05151845383347, 54.195989518462284]    [3246.6266000000001, 11704.2305]
09    3    6.28351016353    -70.8717687084    [135.69873103440796, 51.629900282939502]    [3246.6261, 11704.2312]
09    3    6.39911476454    -65.40074187    [135.21976140679533, 51.116682437235255]    [3246.6260000000002, 11704.231299999999]
09    3    6.85454606159    -63.460601002    [134.74079177047031, 51.116682437235255]    [3246.6260000000002, 11704.231400000001]
09    3    7.78663653502    -59.771432277    [133.78285251524508, 51.116682437235255]    [3246.6260000000002, 11704.231599999999]
09    3    8.26090089805    -58.0233713505    [133.30388287892004, 51.116682437235255]    [3246.6260000000002, 11704.2317]
09    3    7.31750057291    -61.5839091653    [134.26182214285768, 51.116682437235255]    [3246.6260000000002, 11704.2315]
08    3    6.60872077299    -58.0234106306    [134.74079177047031, 50.603464589197159]    [3246.6259, 11704.231400000001]
09    3    7.14352031951    -67.4029184717    [134.74079177047031, 51.629900282939502]    [3246.6261, 11704.231400000001]
09    3    7.89755946326    -68.8699038489    [134.26182214285768, 52.143118130977598]    [3246.6262000000002, 11704.2315]
09    3    7.89755946326    -68.8699038489    [134.26182214285768, 52.143118130977598]    [3246.6262000000002, 11704.2315]
09    3    7.43574614766    -74.0322088232    [135.21976140679533, 52.656335976681852]    [3246.6262999999999, 11704.231299999999]
09    3    7.93835738588    -78.2445499882    [135.69873103440796, 53.682771670424195]    [3246.6264999999999, 11704.2312]
08    3    7.48535633315    -76.980769072    [135.69873103440796, 53.169553824719941]    [3246.6264000000001, 11704.2312]
09    3    7.14452167917    -78.2445519153    [136.17770066202058, 53.169553824719941]    [3246.6264000000001, 11704.231100000001]
09    3    6.69273492102    -76.8236751063    [136.17770066202058, 52.656335976681852]    [3246.6262999999999, 11704.231100000001]
09    3    5.87334064109    -72.6642731451    [136.17770066202058, 51.629900282939502]    [3246.6261, 11704.231100000001]
09    3    5.51824692572    -69.4650771599    [136.17770066202058, 51.116682437235255]    [3246.6260000000002, 11704.231100000001]
08    3    5.20974446302    -64.9098422547    [136.17770066202058, 50.603464589197159]    [3246.6259, 11704.231100000001]
09    4    4.48394981009    -60.9726529599    [136.6566702983456, 50.090246741159071]    [3246.6257999999998, 11704.231]
09    4    56.2026427379    -109.469841852    [65.84859483847265, 75.484808681772961]    [3246.6257000000001, 11704.231]
09    4    56.6236596459    -109.669663291    [66.327564466085249, 75.484808681772961]    [3246.6257000000001, 11704.2309]
09    4    56.9700482912    -109.332650624    [66.327564466085249, 75.998026527477222]    [3246.6257999999998, 11704.2309]
09    4    56.9700482912    -109.332650624    [66.327564466085249, 75.998026527477222]    [3246.6257999999998, 11704.2309]
09    4    52.5778709832    -108.717114691    [62.495807419047082, 74.458372988030618]    [3246.6255000000001, 11704.2317]
09    4    49.3476923614    -107.559628147    [59.143019999621572, 73.945155139992522]    [3246.6253999999999, 11704.232400000001]
08    4    48.9445214629    -107.342511292    [58.664050372008944, 73.945155139992522]    [3246.6253999999999, 11704.2325]
09    4    47.7648196671    -107.231532696    [57.706111108071298, 73.431937294288275]    [3246.6253000000002, 11704.2327]
09    4    44.614153695    -106.529590859    [54.832293324970806, 72.405501600545932]    [3246.6251000000002, 11704.2333]
09    4    41.9225059512    -107.858547485    [53.874354061033159, 69.839412365023151]    [3246.6246000000001, 11704.2335]
09    4    38.4703940249    -108.943520492    [51.958475541870285, 67.273323129500369]    [3246.6241, 11704.233899999999]
09    4    36.0991048083    -108.728977675    [50.042597013995021, 66.246887435758026]    [3246.6239, 11704.2343]
09    4    33.3182112908    -108.162047596    [47.6477488585071, 65.220451742015683]    [3246.6237000000001, 11704.2348]
09    4    29.0452912003    -108.881621598    [44.773931075406608, 62.654362506492909]    [3246.6232, 11704.2354]
09    4    21.6468017554    -110.01783804    [39.505265128105805, 58.548619731523537]    [3246.6224000000002, 11704.236500000001]
09    4    15.6622498968    -107.342299689    [34.236599189517392, 56.495748341705003]    [3246.6219999999998, 11704.2376]
09    4    12.9526513047    -104.026520437    [31.362781406416872, 55.982530496000756]    [3246.6219000000001, 11704.2382]
09    4    9.91564894235    -98.4580093652    [27.531024359378705, 55.46931264796266]    [3246.6217999999999, 11704.239]
09    4    8.88500888476    -97.3005271168    [26.573085095441087, 54.956094802258413]    [3246.6217000000001, 11704.2392]
08    4    7.57334168422    -97.5465861108    [26.094115467828487, 53.92965910851607]    [3246.6215000000002, 11704.239299999999]
09    4    5.82971394675    -95.2862699816    [24.657206567565822, 52.903223412439878]    [3246.6212999999998, 11704.239600000001]
09    4    5.4859861763    -97.4133363623    [25.136176203890841, 52.390005566735631]    [3246.6212, 11704.2395]
08    5    3.14175711067    -109.135292596    [25.136176203890841, 49.82391633121285]    [3246.6206999999999, 11704.2395]
09    5    134.475791751    97.5898258737    [133.30388287892006, 36.010939659932042]    [3246.6201000000001, 11704.2402]
09    5    134.720492265    97.6498266122    [133.78285250653266, 36.010939659932042]    [3246.6201000000001, 11704.240100000001]
09    5    135.200134523    97.0856509507    [130.43006509581954, 33.958068272447349]    [3246.6197000000002, 11704.2408]
07    5    136.283763753    97.0158539155    [130.43006509581954, 32.931632576371165]    [3246.6194999999998, 11704.2408]
07    5    135.284628981    96.9332492486    [129.4721258318819, 33.44485042440926]    [3246.6196, 11704.241]
06    5    131.98085047    96.773921807    [127.07727767639403, 35.497721811893946]    [3246.6199999999999, 11704.2415]
09    5    127.49079068    96.8360537399    [125.64036878484376, 39.090246741159071]    [3246.6206999999999, 11704.2418]
05    5    122.686724918    97.0055427147    [124.68242952090611, 43.195989518462291]    [3246.6215000000002, 11704.242]
04    5    116.582508516    97.2052287085    [123.24552062935587, 48.328167987174005]    [3246.6224999999999, 11704.2423]
08    5    120.248651626    96.6895591369    [121.80861173780562, 44.222425212204634]    [3246.6217000000001, 11704.2426]
04    5    121.462006454    96.4510772054    [120.85067247386797, 42.682771670424195]    [3246.6214, 11704.2428]
05    5    123.670225444    96.3134780205    [120.85067247386797, 40.629900282939509]    [3246.6210000000001, 11704.2428]
No Satellite
No Satellite
No Satellite
No Satellite
No Satellite
No Satellite
No Satellite
No Satellite
No Satellite
No Satellite
No Satellite
No Satellite
No Satellite
04    5    117.04139875    93.8999319335    [102.64982649390242, 40.629900282939509]    [3246.6210000000001, 11704.2466]
04    5    115.305498077    93.3438755585    [98.339099819251658, 41.143118128643756]    [3246.6210999999998, 11704.247499999999]
05    5    108.281204575    92.8560356691    [93.549403508275873, 46.27529659968932]    [3246.6221, 11704.2485]
06    5    92.7120250714    92.7768281736    [90.196616088850362, 59.105742774969379]    [3246.6246000000001, 11704.2492]
04    5    94.9051799007    92.5504613933    [89.238676824912716, 57.052871387484693]    [3246.6242000000002, 11704.249400000001]
06    5    89.4709906701    93.5766781602    [94.028373135888501, 62.698267704234503]    [3246.6253000000002, 11704.2484]
04    5    91.4469261866    94.3750171673    [98.818069446864286, 62.185049856196407]    [3246.6251999999999, 11704.2474]
05    5    91.2059425979    95.8064989108    [106.00261391332799, 64.751139091719182]    [3246.6257000000001, 11704.2459]
04    5    83.4385989762    97.0329688994    [108.39746206881588, 72.962624643991774]    [3246.6273000000001, 11704.2454]
06    5    78.8006808612    98.2371885224    [110.79231022430378, 78.608020960741584]    [3246.6284000000001, 11704.2449]
06    5    73.5670752218    99.88578122    [113.18715837979167, 85.279852971233737]    [3246.6297, 11704.2444]
04    5    69.8365985091    100.496315887    [112.70818874346665, 88.872377900498861]    [3246.6304, 11704.244500000001]
06    5    70.7128370171    98.3954471728    [107.43952280487824, 84.76663512552949]    [3246.6296000000002, 11704.2456]
07    5    77.9286276233    99.5726681828    [114.62406727134191, 81.687328041968613]    [3246.6289999999999, 11704.2441]
07    5    89.5819404584    96.2389800858    [107.43952280487824, 66.804010479203868]    [3246.6261, 11704.2456]
07    5    96.2774041643    95.7332204619    [107.43952280487824, 60.645396314415976]    [3246.6248999999998, 11704.2456]
04    5    92.1604870033    95.9336776132    [106.96055317726564, 64.2379212436811]    [3246.6255999999998, 11704.245699999999]
07    5    93.2625294922    95.5626528504    [105.52364428571536, 62.698267704234503]    [3246.6253000000002, 11704.245999999999]
05    5    88.0126816064    95.8457356219    [105.04467464939034, 67.317228327241963]    [3246.6262000000002, 11704.2461]
06    5    73.1553395225    95.2551213854    [97.381160555314068, 78.094803112703488]    [3246.6282999999999, 11704.2477]
04    5    80.3089400452    92.09014574    [84.448980513936931, 68.856881866688568]    [3246.6264999999999, 11704.250400000001]
05    5    54.070163637    87.7004345984    [65.290195278746182, 90.925249287983547]    [3246.6307999999999, 11704.2544]
04    5    59.2760121511    82.427562885    [47.089349298780633, 91.95168498172589]    [3246.6309999999999, 11704.2582]
06    5    58.4992055853    82.4771977638    [47.568318935105708, 92.464902829763986]    [3246.6311000000001, 11704.258099999999]
05    5    63.2088078878    82.5340905553    [45.652440407230415, 88.872377900498861]    [3246.6304, 11704.2585]
07    5    73.170145459    84.0132455753    [46.610379671168062, 79.121238806445831]    [3246.6284999999998, 11704.2583]
07    5    75.7767664512    84.3712041957    [47.089349298780633, 76.555149573256898]    [3246.6280000000002, 11704.2582]
07    5    74.8621231026    84.8800545751    [49.484197454268553, 76.555149573256898]    [3246.6280000000002, 11704.2577]
07    5    75.0904886333    85.1256416765    [50.4421367182062, 76.041931725218802]    [3246.6279, 11704.2575]
07    5    75.4502630803    85.704451412    [52.836984873694064, 75.015496031476459]    [3246.6277, 11704.257]
07    5    76.0471868766    86.166965061    [54.752863392856966, 73.989060337734117]    [3246.6275000000001, 11704.256600000001]
07    5    69.9295304354    86.0363318021    [55.710802656794613, 79.121238806445831]    [3246.6284999999998, 11704.2564]
07    5    67.9024756127    86.1460965435    [56.668741920732259, 80.66089234822627]    [3246.6288, 11704.2562]
08    5    66.0125394686    86.1492329021    [57.14771154834483, 82.200545890006708]    [3246.6291000000001, 11704.256100000001]
07    5    69.072994249    86.2159619274    [56.668741920732259, 79.634456654483927]    [3246.6286, 11704.2562]
07    5    69.072994249    86.2159619274    [56.668741920732259, 79.634456654483927]    [3246.6286, 11704.2562]
07    5    68.3552213857    86.2901430856    [57.14771154834483, 80.147674502522023]    [3246.6287000000002, 11704.256100000001]
07    5    67.0521545624    86.3318378444    [57.626681184669906, 81.174110196264365]    [3246.6289000000002, 11704.255999999999]
07    5    67.6391484002    86.3657107985    [57.626681184669906, 80.66089234822627]    [3246.6288, 11704.255999999999]
07    5    67.7690036499    86.2558898814    [57.14771154834483, 80.66089234822627]    [3246.6288, 11704.256100000001]
08    5    68.3552213857    86.2901430856    [57.14771154834483, 80.147674502522023]    [3246.6287000000002, 11704.256100000001]
08    5    69.5286960155    86.3568055632    [57.14771154834483, 79.121238806445831]    [3246.6284999999998, 11704.256100000001]
09    5    67.7690036499    86.2558898814    [57.14771154834483, 80.66089234822627]    [3246.6288, 11704.256100000001]
09    5    66.5976530716    86.185453066    [57.14771154834483, 81.687328041968613]    [3246.6289999999999, 11704.256100000001]
09    5    65.2933025055    86.2263271357    [57.626681184669906, 82.713763735710955]    [3246.6291999999999, 11704.255999999999]
09    5    63.5378508964    86.1145764443    [57.626681184669906, 84.253417277491394]    [3246.6295, 11704.255999999999]
09    5    59.3130847254    85.9522748716    [58.105650812282477, 87.845942206756519]    [3246.6302000000001, 11704.2559]
09    5    56.2586086672    85.8587948559    [58.584620439895104, 90.4120314422793]    [3246.6307000000002, 11704.255800000001]
08    5    55.246014509    85.6278125682    [58.105650812282477, 91.438467136021643]    [3246.6309000000001, 11704.2559]
09    5    51.4674946455    85.5975686227    [59.063590076220123, 94.517774217248672]    [3246.6315, 11704.2557]
09    5    48.0073254599    85.2469290744    [59.063590076220123, 97.597081298475729]    [3246.6320999999998, 11704.2557]
09    5    46.0704755024    84.6477330892    [58.105650812282477, 99.649952688294235]    [3246.6325000000002, 11704.2559]
09    5    42.1305041897    84.0663034503    [58.105650812282477, 103.24247761755936]    [3246.6332000000002, 11704.2559]
09    5    38.8046073239    83.4575500981    [58.105650812282477, 106.32178469878639]    [3246.6338000000001, 11704.2559]
09    5    36.8525568243    82.7604451886    [57.626681184669906, 108.3746560862711]    [3246.6342, 11704.255999999999]
08    5    34.1869716509    81.3812391158    [56.668741920732259, 111.45396316749813]    [3246.6347999999998, 11704.2562]
08    5    35.7486539073    81.8812573988    [56.668741920732259, 109.91430962805151]    [3246.6345000000001, 11704.2562]
09    5    31.833955356    81.5915632733    [58.105650812282477, 112.99361670927857]    [3246.6351, 11704.2559]
08    5    27.48878002    80.1204584727    [58.584620439895104, 117.09935948658176]    [3246.6359000000002, 11704.255800000001]
08    5    23.4877137811    78.6383238583    [59.542559703832751, 120.69188441351307]    [3246.6365999999998, 11704.2556]
08    5    19.3865866886    77.7823793226    [61.458438231708044, 123.77119149707394]    [3246.6372000000001, 11704.2552]
08    5    16.9092948789    76.5558174888    [62.41637749564569, 125.82406288455863]    [3246.6376, 11704.254999999999]
08    5    16.9092948789    76.5558174888    [62.41637749564569, 125.82406288455863]    [3246.6376, 11704.254999999999]
08    5    12.9880520217    70.0101792603    [63.374316750870889, 129.929805659528]    [3246.6383999999998, 11704.254800000001]
08    5    8.39607300619    42.0511561384    [65.76916490635881, 134.54876628253547]    [3246.6392999999998, 11704.254300000001]
08    5    7.68432245444    0.000700552996989    [66.248134542683829, 136.08841982431591]    [3246.6396, 11704.254199999999]
08    5    6.35067915068    -78.2571778588    [69.600921953396949, 140.19416260161913]    [3246.6404000000002, 11704.253500000001]
08    5    8.73355766865    -86.6011247697    [71.516800481272242, 143.27346968284616]    [3246.6410000000001, 11704.2531]
07    5    9.71609624171    -89.2556646766    [72.953709372822459, 144.2999053765885]    [3246.6412, 11704.2528]
08    5    15.266720627    -94.4572522523    [77.743405683798244, 148.40564815155787]    [3246.6419999999998, 11704.2518]
08    5    17.0098844574    -93.9636784359    [77.743405683798244, 149.94530169333831]    [3246.6423, 11704.2518]
08    5    20.0699838108    -93.7166660048    [78.222375311410872, 152.51139092886109]    [3246.6428000000001, 11704.251700000001]
08    5    19.0451139527    -94.3585886863    [78.70134494773589, 151.48495523511875]    [3246.6426000000001, 11704.2516]
08    5    19.7783791001    -94.6004279803    [79.180314575348518, 151.99817308082299]    [3246.6426999999999, 11704.2515]
07    5    22.4034164826    -94.7530850226    [80.138253839286165, 154.05104446830768]    [3246.6430999999998, 11704.2513]
08    5    24.0681053071    -95.4556373421    [81.575162730836439, 155.07748016438387]    [3246.6433000000002, 11704.251]
08    5    27.6600191284    -98.488175519    [86.843828669424852, 156.10391585812621]    [3246.6435000000001, 11704.249900000001]
07    5    31.5772690481    -100.905020481    [91.633524980400637, 157.13035155186856]    [3246.6437000000001, 11704.248900000001]
08    5    32.0967717888    -105.596639306    [95.944251663763794, 154.05104446830768]    [3246.6430999999998, 11704.248]
08    5    34.5592402111    -109.108860875    [99.776008710801932, 153.02460877456534]    [3246.6428999999998, 11704.2472]
08    5    37.775792693    -109.91510028    [102.64982649390242, 154.05104446830768]    [3246.6430999999998, 11704.2466]
Script stopped by user (ok).
